

Snailfish numbers [x,y]

[1, 2]
[1, [3,4]]

[1,2] + [1, [3,4]] ==> [ [1,2] , [1 3,4]  ] (without reduction)




[ 
    [ 
        [ 
            [ 
                0
                ,9
            ]
            ,2
        ]
        ,3
    ]
    ,4
]


[
    [
        [
            [0,7],
            4
        ],
        [
            [7,8],
            [
                0,
                [6,7]
            ]
        ]
    ],
    [
        1,
        1
    ]
]


[[[[4,0],[5,4]],[[7,7],[6,0]]],[[8,[7,7]],[[7,9],[5,0]]]]



part 1
----------